10221, 11265, 
10816, 
10796, 11430, 
10788, 11468, 
10250, 10826, 11430, 
10255, 
10302, 10800, 11446, 
10796, 11481, 
10274, 10797, 11446, 
10257, 10811, 11427, 
10251, 10796, 11449, 
10273, 10798, 11463, 
10273, 10807, 11451, 
11437, 
10279, 11419, 
10275, 10799, 11452, 
10270, 10786, 11434, 
10747, 11464, 
10313, 10819, 11448, 
10786, 11405, 
10278, 10822, 11458, 
10057, 10826, 11434, 
10230, 10793, 11380, 
10026, 10784, 
10325, 10783, 11449, 
10750, 11419, 
11423, 
10274, 10793, 11442, 
10233, 
10800, 
10285, 11460, 
10250, 10825, 11390, 
10258, 10808, 11453, 
10280, 
10303, 10785, 11433, 
10235, 10843, 
10755, 11437, 
10260, 10791, 11449, 
10186, 10798, 
10785, 11440, 
10680, 11398, 
10256, 10810, 11429, 
10794, 11367, 
10770, 
10255, 10796, 11451, 
10283, 10791, 
10260, 11466, 
10269, 10799, 11257, 11467, 
10267, 10787, 11437, 
