1227, 1998, 
1038, 1370, 1614, 1946, 
1087, 1271, 1499, 1641, 1850, 
1215, 1510, 1700, 
1069, 1266, 1511, 1722, 
1533, 
1069, 1250, 1439, 1616, 1821, 
1416, 1670, 1919, 
1081, 1244, 1363, 1528, 1715, 1847, 
1178, 1446, 1800, 
1267, 1376, 1602, 1832, 
1132, 1356, 1613, 1836, 
1209, 1423, 1621, 1815, 
1862, 
1136, 1393, 1688, 
1186, 1369, 1632, 1853, 
1076, 1220, 1329, 1606, 1737, 1924, 
1084, 1527, 
1106, 1287, 1488, 1626, 1794, 1992, 
1299, 1464, 1784, 
1134, 1328, 1531, 1822, 
1226, 1731, 
1101, 1239, 1470, 1635, 1831, 
1121, 1407, 1702, 1970, 
1098, 1393, 1553, 1788, 1985, 
1486, 1793, 
1079, 1330, 1608, 
1015, 1210, 1370, 1598, 1810, 
1303, 1646, 
1223, 1767, 
1324, 1622, 1911, 
1020, 1211, 1408, 1627, 1917, 
1122, 1377, 1574, 1846, 1986, 
1227, 1706, 
1051, 1225, 1489, 1665, 1916, 
1488, 1782, 
1102, 1669, 
1189, 1303, 1537, 1737, 1943, 
1826, 
1182, 1816, 
1066, 1344, 1684, 1930, 
1205, 1485, 1642, 1874, 
1109, 1300, 1493, 1677, 1904, 
1345, 1707, 
1127, 1432, 1727, 1986, 
1109, 1365, 1519, 1753, 
1088, 1333, 1545, 1798, 
1337, 1609, 
1069, 1206, 1331, 1482, 1624, 1776, 
1087, 1327, 1498, 1730, 1909, 
